51
-529
-960
373
-916
-319
-949
147
-910
19
-892
915
-769
42
-884
361
-805
657
-737
-234
-889
539
-679
-79
-758
476
-434
966
125
388
-250
226
-369
995
295
185
-350
-122
-556
604
340
591
341
985
816
587
374
444
267
781
872
744
821
-112
-311
256
672
360
929
267
824
-477
-820
114
872
-168
120
-81
823
-313
-60
-246
294
-458
-620
-317
287
-377
46
-378
375
-859
844
-782
402
-689
-249
-881
603
-670
-441
-864
111
-920
243
-541
-933
-976
-34
-899
-756
-718
-934
12
-529
-960
-718
-934
-899
-756
-976
-34
-859
844
360
929
781
872
985
816
995
295
915
-769
373
-916
-529
-960
